--------------------- stat ---------------------
top1:117/298=0.3926174496644295
top3:190/298=0.6375838926174496
top5:208/298=0.697986577181208
top10:227/298=0.761744966442953
MAR:4.286463096918061
MFR:2.7911539900050935
ExamScore:0.5465351523921038