--------------------- stat ---------------------
top1:77/204=0.37745098039215685
top3:130/204=0.6372549019607843
top5:145/204=0.7107843137254902
top10:164/204=0.803921568627451
MAR:4.673323471400395
MFR:3.100591715976331
ExamScore:0.5476165476052547
