--------------------- stat ---------------------
top1:65/298=0.2181208053691275
top3:116/298=0.38926174496644295
top5:140/298=0.4697986577181208
top10:180/298=0.6040268456375839
MAR:10.684099631984752
MFR:7.445269383935892
ExamScore:0.3950334326442857