--------------------- stat ---------------------
top1:49/204=0.24019607843137256
top3:82/204=0.4019607843137255
top5:102/204=0.5
top10:131/204=0.6421568627450981
MAR:10.811813725490197
MFR:7.85
ExamScore:0.38125384316464844
