--------------------- stat ---------------------
top1:39/204=0.19117647058823528
top3:65/204=0.31862745098039214
top5:86/204=0.4215686274509804
top10:122/204=0.5980392156862745
MAR:20.07746010638298
MFR:14.27659574468085
ExamScore:0.28975765735982884
