--------------------- stat ---------------------
top1:55/298=0.18456375838926176
top3:97/298=0.32550335570469796
top5:127/298=0.4261744966442953
top10:172/298=0.5771812080536913
MAR:20.00929885092406
MFR:14.316249857235514
ExamScore:0.3031770943560342