--------------------- stat ---------------------
top1:26/298=0.087248322147651
top3:70/298=0.2348993288590604
top5:95/298=0.3187919463087248
top10:134/298=0.44966442953020136
MAR:23.859498928598192
MFR:18.100710571390717
ExamScore:0.43260588133491307