--------------------- stat ---------------------
top1:20/204=0.09803921568627451
top3:54/204=0.2647058823529412
top5:72/204=0.35294117647058826
top10:94/204=0.46078431372549017
MAR:22.49110503946569
MFR:17.270491803278688
ExamScore:0.41507314620909086
