--------------------- stat ---------------------
top1:67/298=0.22483221476510068
top3:117/298=0.3926174496644295
top5:142/298=0.47651006711409394
top10:181/298=0.6073825503355704
MAR:11.22247146268185
MFR:7.809981363209158
ExamScore:0.3869963882980753