--------------------- stat ---------------------
top1:50/204=0.24509803921568626
top3:85/204=0.4166666666666667
top5:103/204=0.5049019607843137
top10:133/204=0.6519607843137255
MAR:11.32466281310212
MFR:8.170520231213873
ExamScore:0.3673640660161483
