--------------------- stat ---------------------
top1:60/230=0.2608695652173913
top3:93/230=0.4043478260869565
top5:113/230=0.49130434782608695
top10:145/230=0.6304347826086957
MAR:10.574772245019641
MFR:7.1917288585257335
ExamScore:0.34254645024816627