--------------------- stat ---------------------
top1:45/185=0.24324324324324326
top3:75/185=0.40540540540540543
top5:90/185=0.4864864864864865
top10:118/185=0.6378378378378379
MAR:8.7455841307815
MFR:5.475992795277335
ExamScore:0.357233646248482