--------------------- stat ---------------------
top1:26/92=0.2826086956521739
top3:42/92=0.45652173913043476
top5:47/92=0.5108695652173914
top10:65/92=0.7065217391304348
MAR:7.17959595959596
MFR:4.4727272727272736
ExamScore:0.3175681522973193
