--------------------- stat ---------------------
top1:37/204=0.18137254901960784
top3:75/204=0.36764705882352944
top5:98/204=0.4803921568627451
top10:127/204=0.6225490196078431
MAR:11.753775510204079
MFR:8.705714285714286
ExamScore:0.3978326001551642
