--------------------- stat ---------------------
top1:51/298=0.17114093959731544
top3:96/298=0.3221476510067114
top5:135/298=0.45302013422818793
top10:177/298=0.5939597315436241
MAR:12.179459488778454
MFR:8.973391640099022
ExamScore:0.3915776518085676