--------------------- stat ---------------------
top1:49/204=0.24019607843137256
top3:81/204=0.39705882352941174
top5:101/204=0.4950980392156863
top10:126/204=0.6176470588235294
MAR:10.780988023952096
MFR:8.029940119760479
ExamScore:0.4056389740741615
