--------------------- stat ---------------------
top1:67/298=0.22483221476510068
top3:112/298=0.37583892617449666
top5:137/298=0.4597315436241611
top10:173/298=0.5805369127516778
MAR:10.487376912728475
MFR:7.377677556818182
ExamScore:0.42891182939036215