--------------------- stat ---------------------
top1:0/204=0.0
top3:5/204=0.024509803921568627
top5:7/204=0.03431372549019608
top10:14/204=0.06862745098039216
MAR:63.56666666666668
MFR:56.01794871794872
ExamScore:0.8600937756887117
