--------------------- stat ---------------------
top1:12/204=0.058823529411764705
top3:41/204=0.20098039215686275
top5:52/204=0.2549019607843137
top10:77/204=0.37745098039215685
MAR:41.86235042735043
MFR:30.03076923076923
ExamScore:0.3612615194936252
