--------------------- stat ---------------------
top1:33/298=0.11073825503355705
top3:80/298=0.2684563758389262
top5:111/298=0.3724832214765101
top10:159/298=0.5335570469798657
MAR:13.674332058133995
MFR:9.297653727289529
ExamScore:0.4375599654747557