--------------------- stat ---------------------
top1:24/204=0.11764705882352941
top3:56/204=0.27450980392156865
top5:81/204=0.39705882352941174
top10:117/204=0.5735294117647058
MAR:14.328017241379312
MFR:10.255747126436782
ExamScore:0.43830926908507023
