--------------------- stat ---------------------
top1:49/204=0.24019607843137256
top3:81/204=0.39705882352941174
top5:100/204=0.49019607843137253
top10:134/204=0.6568627450980392
MAR:11.227777777777778
MFR:7.982758620689655
ExamScore:0.3584830783040018
