--------------------- stat ---------------------
top1:70/298=0.2348993288590604
top3:116/298=0.38926174496644295
top5:141/298=0.47315436241610737
top10:185/298=0.6208053691275168
MAR:10.67335596353108
MFR:7.529586622847736
ExamScore:0.3731242968836945